// poszione
pos_x = 0
pos_y = 0

// dimensioni
scale_x = 0.8881944
scale_y = 0.9972222
