// poszione
pos_x = 0
pos_y = -64

// dimensioni
scale_x = 1.011867
scale_y = 0.9955733
