// dimensioni
pos_x = 0
pos_y = 0
scale_x = 1.025316
scale_y = 0.8859857
